Time(s) Input Voltage(V) Quantization Value   Digital Signal
   0          0               0                00000000
 0.01    0.954915028         24                00011000
 0.02    3.454915028         88                01011000
 0.03    6.545084972         167               10100111
 0.04    9.045084972         231               11100111
 0.05        10              255               11111111
 0.06    9.045084972         231               11100111
 0.07    6.545084972         167               10100111
 0.08    3.454915028         88                01011000
 0.09    0.954915028         24                00011000
  0.1         0               0                00000000
 0.11    0.954915028         24                00011000
 0.12    3.454915028         88                01011000
 0.13    6.545084972         167               10100111
 0.14    9.045084972         231               11100111
 0.15        10              255               11111111
 0.16    9.045084972         231               11100111
 0.17    6.545084972         167               10100111
 0.18    3.454915028         88                01011000
 0.19    0.954915028         24                00011000
  0.2         0               0                00000000
 0.21    0.954915028         24                00011000
 0.22    3.454915028         88                01011000
 0.23    6.545084972         167               10100111
 0.24    9.045084972         231               11100111
 0.25        10              255               11111111
 0.26    9.045084972         231               11100111
 0.27    6.545084972         167               10100111
 0.28    3.454915028         88                01011000
 0.29    0.954915028         24                00011000
  0.3         0               0                00000000
 0.31    0.954915028         24                00011000
 0.32    3.454915028         88                01011000
 0.33    6.545084972         167               10100111
 0.34    9.045084972         231               11100111
 0.35        10              255               11111111
 0.36    9.045084972         231               11100111
 0.37    6.545084972         167               10100111
 0.38    3.454915028         88                01011000
 0.39    0.954915028         24                00011000
  0.4         0               0                00000000
 0.41    0.954915028         24                00011000
 0.42    3.454915028         88                01011000
 0.43    6.545084972         167               10100111
 0.44    9.045084972         231               11100111
 0.45        10              255               11111111
 0.46    9.045084972         231               11100111
 0.47    6.545084972         167               10100111
 0.48    3.454915028         88                01011000
 0.49    0.954915028         24                00011000
  0.5         0               0                00000000
 0.51    0.954915028         24                00011000
 0.52    3.454915028         88                01011000
 0.53    6.545084972         167               10100111
 0.54    9.045084972         231               11100111
 0.55        10              255               11111111
 0.56    9.045084972         231               11100111
 0.57    6.545084972         167               10100111
 0.58    3.454915028         88                01011000
 0.59    0.954915028         24                00011000
  0.6         0               0                00000000
 0.61    0.954915028         24                00011000
 0.62    3.454915028         88                01011000
 0.63    6.545084972         167               10100111
 0.64    9.045084972         231               11100111
 0.65        10              255               11111111
 0.66    9.045084972         231               11100111
 0.67    6.545084972         167               10100111
 0.68    3.454915028         88                01011000
 0.69    0.954915028         24                00011000
  0.7         0               0                00000000
 0.71    0.954915028         24                00011000
 0.72    3.454915028         88                01011000
 0.73    6.545084972         167               10100111
 0.74    9.045084972         231               11100111
 0.75        10              255               11111111
 0.76    9.045084972         231               11100111
 0.77    6.545084972         167               10100111
 0.78    3.454915028         88                01011000
 0.79    0.954915028         24                00011000
  0.8         0               0                00000000
 0.81    0.954915028         24                00011000
 0.82    3.454915028         88                01011000
 0.83    6.545084972         167               10100111
 0.84    9.045084972         231               11100111
 0.85        10              255               11111111
 0.86    9.045084972         231               11100111
 0.87    6.545084972         167               10100111
 0.88    3.454915028         88                01011000
 0.89    0.954915028         24                00011000
  0.9         0               0                00000000
 0.91    0.954915028         24                00011000
 0.92    3.454915028         88                01011000
 0.93    6.545084972         167               10100111
 0.94    9.045084972         231               11100111
 0.95        10              255               11111111
 0.96    9.045084972         231               11100111
 0.97    6.545084972         167               10100111
 0.98    3.454915028         88                01011000
 0.99    0.954915028         24                00011000
